	logFC	AveExpr	t	P.Value	adj.P.Val	B
HALLMARK_REACTIVE_OXYGEN_SPECIES_PATHWAY	-0.577957396888783	-0.00823787298122527	-5.98840049762742	2.02705159342773e-05	0.000626266494953398	2.93461949309224
HALLMARK_DNA_REPAIR	-0.542633636960632	-0.0181500161115925	-5.87565488462672	2.50506597981359e-05	0.000626266494953398	2.72398797300221
HALLMARK_ANDROGEN_RESPONSE	0.481576086930781	0.00171817808129881	4.78601660377781	0.000210997335790688	0.00351662226317813	0.604398971762779
HALLMARK_ALLOGRAFT_REJECTION	-0.429616141404582	-0.000939161802300623	-4.50322337405306	0.000375153118425417	0.00468941398031772	0.0334622173597667
HALLMARK_UV_RESPONSE_DN	0.51003345870248	0.0193715198285912	4.39162980275594	0.00047177534631837	0.0047177534631837	-0.193521834175393
HALLMARK_PROTEIN_SECRETION	0.457702786727557	-0.0151855831880839	4.02747346601194	0.00100327510846769	0.00836062590389738	-0.938826888285102
HALLMARK_UV_RESPONSE_UP	-0.296420465570448	-0.0158338973651856	-3.71534407779911	0.00192664917655279	0.0137617798325199	-1.58004985919577
HALLMARK_P53_PATHWAY	-0.270524674787036	0.00446346846710574	-3.58777962327709	0.00251739532051317	0.0151215510714259	-1.84171215889897
HALLMARK_OXIDATIVE_PHOSPHORYLATION	-0.527441310913012	-0.00207795844524689	-3.55054064658345	0.00272187919285667	0.0151215510714259	-1.91797529350562
HALLMARK_IL6_JAK_STAT3_SIGNALING	-0.354356029554484	-0.0251914318314695	-3.24380512006149	0.00517529755050829	0.0258764877525414	-2.54252850958968
HALLMARK_HEDGEHOG_SIGNALING	0.337045473310718	0.00437828810726483	3.19417182693728	0.00574068255857182	0.0260940116298719	-2.64274880134483
HALLMARK_COAGULATION	-0.293327694346441	0.00841398946711754	-3.1255047527967	0.00662460811260854	0.0276025338025356	-2.78089295198893
HALLMARK_INTERFERON_ALPHA_RESPONSE	-0.507954431370416	-0.0154797320242649	-2.84963557640153	0.0117323007795271	0.0451242337674121	-3.32843243657448
HALLMARK_BILE_ACID_METABOLISM	0.236149335838551	-0.0132221859879426	2.75828335845283	0.0141512066986677	0.0505400239238133	-3.50649232065227
HALLMARK_MYC_TARGETS_V1	-0.288966898874656	-0.000368696508305696	-2.48322748569777	0.0246922461360909	0.0823074871203031	-4.02981457446518
HALLMARK_MYOGENESIS	-0.324654647785722	-0.0234209834077492	-2.44672395539624	0.0265578017640321	0.0829931305126004	-4.09758896340583
HALLMARK_COMPLEMENT	-0.218702210226128	0.0073670681692916	-2.2990424738054	0.0355516065811867	0.104563548768196	-4.36709895105752
HALLMARK_MYC_TARGETS_V2	-0.261706894686939	-0.0436319199758916	-2.03097443755577	0.0594988922078757	0.162564437317674	-4.83422091646506
HALLMARK_PEROXISOME	0.188640287557124	-0.0117958695996454	1.98875082166913	0.0643997586773053	0.162564437317674	-4.90484284573401
HALLMARK_INTERFERON_GAMMA_RESPONSE	-0.277065570935305	-5.31625032590688e-05	-1.96160361091428	0.0677408509585971	0.162564437317674	-4.94978451378678
HALLMARK_GLYCOLYSIS	-0.194736530180401	-0.00163746564161715	-1.95735979601278	0.068277063673423	0.162564437317674	-4.95677663074453
HALLMARK_XENOBIOTIC_METABOLISM	-0.151667555889502	-0.00738770541601516	-1.78186197499386	0.0940683992931687	0.209416137432506	-5.23759562507624
HALLMARK_HYPOXIA	-0.192618681035799	0.00306925782421905	-1.76858669939272	0.096331423218953	0.209416137432506	-5.25814488937786
HALLMARK_UNFOLDED_PROTEIN_RESPONSE	-0.205405850213394	0.0113017814724704	-1.72547542002834	0.104012998387421	0.216693746640461	-5.32416988400277
HALLMARK_ADIPOGENESIS	-0.181653329284808	-0.0148928116893047	-1.67753332460366	0.113176974214026	0.226353948428051	-5.39629150321248
HALLMARK_MITOTIC_SPINDLE	0.183364473905174	-0.00995801216611964	1.63456564840041	0.121974984123885	0.234567277161316	-5.45973097004392
HALLMARK_CHOLESTEROL_HOMEOSTASIS	-0.20984185309548	-0.0195773288500184	-1.59709290492442	0.130120476144151	0.24096384471139	-5.51410712455436
HALLMARK_ESTROGEN_RESPONSE_LATE	-0.130986759265238	-0.0129601520887603	-1.52488431445289	0.147124782660259	0.262722826179034	-5.61631238284894
HALLMARK_IL2_STAT5_SIGNALING	-0.12680736116534	-0.0111110325270831	-1.3393773534422	0.199465418884578	0.343905894628583	-5.86242167273968
HALLMARK_APICAL_JUNCTION	-0.110409122472239	-0.00326200676928611	-1.18949445016833	0.251876896700391	0.419794827833985	-6.04265506524307
HALLMARK_TNFA_SIGNALING_VIA_NFKB	-0.138643318074933	-0.0131769495849777	-1.10717848373567	0.28484803613154	0.459432316341193	-6.13406663656835
HALLMARK_MTORC1_SIGNALING	-0.114706175559689	-0.00554059479756878	-0.92719577529807	0.367822779746686	0.574723093354197	-6.31408569849547
HALLMARK_SPERMATOGENESIS	0.096024834958836	0.0193770902266325	0.842314849300715	0.412226093073043	0.624584989504611	-6.38909800579353
HALLMARK_INFLAMMATORY_RESPONSE	-0.0788581659379592	-0.00324674971134507	-0.761835302827819	0.457420766072838	0.672677597165938	-6.45413129040793
HALLMARK_WNT_BETA_CATENIN_SIGNALING	0.100503565530509	5.80063574563694e-06	0.676752209076691	0.508385896710033	0.726265566728618	-6.51627200592981
HALLMARK_TGF_BETA_SIGNALING	0.0890802266034116	0.00198781302360289	0.621515701147819	0.543156459346807	0.744339899371409	-6.55290069651369
HALLMARK_APICAL_SURFACE	-0.0653068955486466	0.0222152534768194	-0.580709642878933	0.569656727192692	0.744339899371409	-6.57805362917523
HALLMARK_G2M_CHECKPOINT	0.0632266070124859	-0.00255982539723233	0.574062849200655	0.5740367212764	0.744339899371409	-6.58199604569313
HALLMARK_HEME_METABOLISM	-0.0489386552338857	-0.0134495323669633	-0.532627100264137	0.601729667834872	0.744339899371409	-6.60558935585992
HALLMARK_ESTROGEN_RESPONSE_EARLY	-0.0522748146898683	-0.00307501938330397	-0.530307213223665	0.603299531616746	0.744339899371409	-6.60685999984426
HALLMARK_EPITHELIAL_MESENCHYMAL_TRANSITION	-0.06213906496891	-0.00209844250072733	-0.519911925092305	0.610358717484556	0.744339899371409	-6.61248795912446
HALLMARK_KRAS_SIGNALING_UP	0.0416801752115081	-0.001894249307547	0.469511137098196	0.645141581911023	0.768025692751218	-6.63824465627872
HALLMARK_E2F_TARGETS	-0.0459429606157586	0.00353230986722952	-0.425002698268018	0.676586853406964	0.769066612527641	-6.65886692219858
HALLMARK_NOTCH_SIGNALING	-0.0410129921295123	0.00642318287626139	-0.420926026907905	0.679499388994734	0.769066612527641	-6.66065564815505
HALLMARK_APOPTOSIS	-0.0429623805000973	0.00088777334860444	-0.40328917253526	0.692159951274876	0.769066612527641	-6.66819987582181
HALLMARK_PANCREAS_BETA_CELLS	-0.0307232807410128	0.0266552315443066	-0.264584496822684	0.794762362806692	0.863872133485535	-6.71644177765272
HALLMARK_KRAS_SIGNALING_DN	0.0146420787238566	0.0146500013760073	0.165519898643195	0.870641717879795	0.926214593489144	-6.73872669807694
HALLMARK_ANGIOGENESIS	0.00885445526405108	-0.0162028745319847	0.0660089034022549	0.948201749683668	0.973641040305851	-6.75080234457537
HALLMARK_FATTY_ACID_METABOLISM	0.00601763014596721	-0.0262366656119112	0.0583957578823024	0.954168219499734	0.973641040305851	-6.75129913141023
HALLMARK_PI3K_AKT_MTOR_SIGNALING	0.000791140568004644	-0.00580093357032693	0.00823612036869611	0.993532069858068	0.993532069858068	-6.75305246957273
